3,4,5,6/12,13,14,15
6,7,8,9/10,11,12,13/3,4,5,15;14,15-15
5,4,3,2/15,14,13/7,6,8;9,8-8/11,10
7,8,9,10/5,6/14,15,16-DN/11,12,13
5,6,7,8/9,10/14,15,16-DN
7,8,9,10;6,7-7/14,15,16-DN/11,12,13
12,13,14,15/4,5,6/7,8,9,10,11
12,13,14,15/6,7,8/9,10,11
  7,8,9,10/14,15,16/11,12,13-DN
7,6,5,4,3,2/11,10,9,8-L/15,14,13,12
7,6,5,4,3,2
5,4,3,2;15,14,13,12,2-2/7,6/11,10,9,8
7,8,9,10,11/12,13,14,15
3,4,5,6,7,8
  3,4,5,6,7/12,13,14
12,13,14,15;9,10,11,14-14/7,8,9
9,10,11,12;6,7,8,11-11/13,14,15,16
  13,14,15;4,5,6,14-14/8,9,10;11,12,10-10
5,6,7,8/9,10,11,12,13/3,4
10,11,12,13/6,7,8,9/3,4,5
7,8,9,10/11,12,13,14,15/3,4,5,6
  3,4,5,6,7/8,9,10,11,12/14,15,16-L
12,13,14,15,16/6,7,8,9,10/3,4,5
10,11,12,13/2,3,4/5,6,7,8
  3,4,5,6,7,8/9,10,11

4,5,6,7,8/13,12,11

3,4,5,6/9,11
12,13,14,15/5,6,7
12,13,14,15/4,5,6,7
11,12,13,14/7,8,9
11,12,13,14/6,7,8
12,13,14,15/9,10,11/2,3,4,5-L
12,13,14,15/7,8,9,10
5,6,7,8,9/13,14,15
13,14,15,16;7,8,16-16/9,10,11,12/4
  11,12,13,14,15/7,8/3,4,5
13,14,15,16/5,6,7/9
12,13,14,15/5,6,7/9,10
7,8,9,10/11,12,13,14
6,7,8,9/10,11,12,13
12,13,14,15/5,6,7,8/3,4
13,14,15/2,3,4,5,6/7,8,9,10/11
13,14,15/10,11-L/6,7,8,9/3,4,5
11,12,13,14/7,8,9/5,6
12,13,14,15/7,8,9,10/5,6
12,13,14,15/5,6,7,8/9,10,11
12,13,14,15,16//5,6,7,8
13,14,15,16/3,4,5,6/7,8,9,10
13,14,15,16/3,4,5,6/7,8,9,10
13,14,15,16/10,11,12/4,5,6/7,8
12,13,14,15,16//5,6,7/8,9,10
12,13,14,15/2,4,5/2,4,3-A
  12,13,14/7,8,9,10/4,5,6
13,14,15,16/9,10,11,12/5,6,7
13,14,15,16/8,9,10,11/6,7
12,13,14,15/8,9,10,11
12,13,14,15/8,9,10,11
12,13,14,15/9,10,11
12,13,14,15
12,13,14,15
  10,11,12,13,14,15/5,6,7,8
11,12,13,14,15/7,8,9,10/6
12,13,14,15/6,7,8,9
7,6,5,4,3/12,11,10,9/16,15,14
  8,7,6,5,4/12,11,10,9/14/4,14,15-A
7,6,5,4,3/12,11,10,9,8/13,14
15,14,3;5,4,3-3/13,12,11,10/9,8,7,6
8,7,6,4;5,4-4/16,15,14,13/12,11,10,9
9,8,7,5;6,5-5/16,15,14,13/12,11,10
8,7,6,5/12,11,10,9/16,15,14,13
12,13,14,15/3,4,5,6/7,8,9,10
7,6,5,4,3
7,6,5,4,3
7,8,9,10/11,12,13,14
4,5,6,7,8/12,11,10,9
4,5,6,7,8/12,11,10,9
10,11,12,13,14/6,7,8,9
12,13,14,15/3,4,5,6/7,8,9,10
12,13,14,15/3,4,5,6,7/8,9/10,11
12,13,14,15/3,4,5,6,7/8,9/10,11
12,13,14,15/4,5-L/9,10,11/6,7,8
6,7,8,9/10,11,12,13
2,3,4,5/6,7,8/9,10,11
2,3,4,5/6,7,8,9
2,3,4,5,6
7,8,9,10,11,12/4,5,6
7,8,9,10,11,12/4,5,6
2,3,4,5,6
2,3,4,5,6/7,8,9,10/11,12,13,14
7,8,9,10/4,5/11,12,13-L
2,3,4,5,6/10,11,12
12,13,14,15/6,7,8
11,12,13,14,15
12,11,10,9,8,7/6,5,4,3
  7,6,5,4,3/14,13,12,11/10,9,8
12,13,14,15/5,6,7,8,9
2,3,4,5/6,7,8,9
10,11,12,13,14,15
11,12,13,14,15
12,13,14,15,16/4,5
2,3,4,5,6/10,11,12,13/7,8,9
2,3,4,5/12,13
13,14,15,16/10,11,12/9
2,3,4,5,6/10,11,12/13,14,15
12,13,14,15/3,4,5,6/8,9,10,11
11,12,13,14,15/4,5,6-L
12,13,14,15/9,10,11/4,5
11,12,13,14,15/8,9,10/4,5
2,3,4,5,6
12,13,14,15/3,4,5,6
12,13,14,15,16/9,10,11
2,3,4,5/6,7,8,9

5,6,7,8/9,10,11/12
3,4,5,6,7/8,9,10
6,7,8,10;11,12,10-10
9,10,11,12,13;14,15,16,13-13/3,4,5,6-L
3,4,5,6,7/8,9,10,11,12/14,15,16
3,4,5,6,7/8,9,10,11,12/13,14,15,16

12,13,14,15/8,9,11/6,7
10,11,12/3,4,5,6/13,14,15,16
3,4,5,6,7
3,4,5,6,7/8,9,10,11,12
3,4,5,6,7/9,10,11,12,13
3,4,5,6,7/13,14,15,16
3,4,5,6,7,8/9,10,11,12
7,6,5,4,3/16,15,14/9,8-L-E
3,4,5,6,7/8,9,11/13,14,15,16
3,4,5,6,7,8
3,4,5,6,7/8,9,10
3,4,5,6/7,8/12,13,14
4,5,6,7,8
3,4,5,6,7/8,9,10,11
3,4,5,6,7/8,9,10,11,12
3,4,5,6,7/8,9,10,11,12
3,4,5,6/7,8,9,10,11,12,14
3,4,5,6,7/9,10,11,12/15,16
3,4,5,6,7
3,4,5,6/7,8,9,10/14
3,4,5,6/7,8,9,10/14,15,16
3,4,5,6,7,8/14,15,16/13,12
3,4,5,6,7;8,9,7-7/10,11,12
3,4,5,6/11,12,13/10,9,8,7
3,4,5,6,7
3,4,5,6,7/12,13,14
3,4,5,6,7/8,9,10/11,12,13
3,4,5,6,7/10,11,12,13
3,4,5,6,7/10,11,12
3,4,5,6,7/11,12,13,14/15,16,10-E
3,4,5,6,7/8,9,10,11/15,16-LN
3,4,5,6/15,16,7/8,9,10,11
7,8,9,10/3,4,5,6/11,12,13,14
7,8,9,10/3,4,5,6/11,12,13,14
7,8,9,10/3,4,5,6/11,12,13,14
3,4,5,6/9,10,11/14,15
3,4,5,6/9,10,11,12/13,14,15
4,5,6,7/8,9,10,11/12,13,14
3,4,5,6,7,8,9,10
3,4,5,6,7,8,9,10
5,6,7,8,9/10,11,12,13/3,4-L
  3,4,5,6,7/12,13/8,9,10,11
3,4,5,6/7,8,9,10/11,12
3,4,5,6/8,9,10/11,12
3,4,5,6,7/8,9,10/11,12,13
3,4,5,6,7/8,9,10/11,12,13
3,4,5,6/9,10,11/12,13-DN
7,6,5,4,3,2/13,12,11,10,9,8
6,5,4,3,2/13,12,10,9,8

3,4,5,6,7/8,9,10,11
3,4,5,6,7,8/10/4,6,5-A
3,4,5,6/7,8,9,10,11/12,13/13,14,15
6,5,4,3//7,8,9/10,11,12
3,4,5,6/10,11,12/7,8,9
3,4,5,6/10,11,12/7,8,9
7,8,9,10/3,4,5,6/11,12,13
7,8,9,10,11/3,4,5,6-L/12,13,14

3,4,5,6//12,13,14,15
12,7,8,9,10,11
7,8,9,10
3,4,5,6/8,9,10,11/12,13,14
7,8,9,10/4,5,6/11,12,13/4,8,3-A
6,5,4,3/12,11,10,9/8,7
6,5,4,3/11,10,9,8,7/15
6,5,4,3/12,11,10,9,8,7/14,13/16,15
3,4,5,6/7,8,9,10,11
8,7,6,5,4,3,2/13,12,11,10
10,9,8,7,4;6,5,4-4/16,15,14,13
6,5,4,3,2/10,9,8,7
8,7,6,5,4,3/9,10,11,12
10,9,8,6,5,4,3/13,12
3,4,5,6,7/11,12/8,9/14-D
3,4,5,6/7,8,9,10/11,12,13,14
8,7,6,5/13,12,11,10/2,3,4
8,7,6,5/11,10,9/15,14,13,12/3,4
6,5,4,3/12,11,10/15,14,13/8,9/11,3,7-A
8,9,10
11,10,9,8,7
7,6,5,4/11,10,9,8/3,2/14,13,12-L
11,10,9,8,7
8,7,6,5,4,3/14,13,12,11
16,15,14,13,12/7,5,4/11,10,9,8-L-E
8,7,6,5,4/12,11,10
9,8,7,6,5
7,6,5,4/11,10,9/14,13,12/
7,6,5,4,3/15,14,13/11,10-E
8,7,6,5/12,11,10,9/15,14,13
3,4,5,6/8,9,10/13,14,15
10,9,14,13,12/7,6,5,3
3,4,5,6/8,9,10,11-DN
3,4,6,7/8,9,10,11/12,13
3,4,5,6,7/8,9
4,5,6,7/8,9,10
3,4,5,6/8,9-DN
3,4,5,6/8,9,10-DN/12,13,14,15/5,14,11-A
4,5,6,7,8/9,10,11
3,4,5,6,7/9,10,11
7,6,5,4,3,2/11,10,9
3,4,5,6,7
3,4,5,6/8,9,10,11
  3,5,6/8,9,10/11,12,13,14-L/3,5,4-A
2,3,4,5/11,12,13,14,15/7,8,9-L
3,4,5,6,7,8/9,10,11,12/13,14-DN
  3,4,5/7,8,9,10
  5,6,7/8,9,10
3,4,5,6,7/11,12,13/9
3,4,5,6,7/9,10,11,12
8,9,10,15/3,4,5,6
3,4,5,6/8,9,10,11,12
3,4,5,6/8,9,10,11/13,14,15
3,4,5,6,7/10,11,12,13
3,4,5,6,7/8,9,10,11/14,15
3,4,5,6/7,8,9,10/13,14,15
10,3,4,5/11,12,13/6,7,8,9
3,4,5,6,7
3,4,5,6/8,9,10,11
2,3,4,5,6/7,8,9,10/12,13,14
7,8,9,10,11
3,4,5,6/7,8,9,10/12-L/11-LN
3,4,5,6;10,11,12,6-6/7,8,9
3,4,5,6/7,8,9,10/11-LN
3,4,5,6/8,9,10,11
3,4,5,6/8
3,4,5,6/8,9,10,11
3,4,5,6/14,15,16/8,9,10,11
3,4,5,6/7,8,9,10/11,12,13
3,4,5,6,7,8/10,11,12,13
  12,13,14,15/8,9,10/4,5,6/2,3,4-DN
6,5,4,3,2/12,11/10,9,8,7/14,13-DN
11,12,13,14,15//7,8,9/2,3,4,5-DN
  13,14,15/5,6,7/2,3,4,9,10
2,6,7,8,9,10;3,4,5,10-10/12,13,14,15
6,7,8,9;10,11,3,4,5,9-9/12,13,14,15
12,13,14,15/6,7,8,9/2,3,4,5
10,11,12,13/5,6,7,8/14,15/2,3,4-L
7,8,9,15;12,13,14,15-15/2,3,4,5/10,11-L
5,6,7,8,9,10/2,11,12/3,13,14,4-DN
  4,5,6,7,8,9/10/12,13
6,5,4,3,2/12,11,10,9,8,7
  5,4,3,2/13,12,11,10,9,8-DN/16,15
7,6,5,15/11,10,9,8/14,13,12
9,8,7,6,4,3,2/11,12
  14,13,12,11/3,2/6,5,4/10,9/8,7
9,8,7,6,4,3,2/12,11,10
13,12,11/10,9,8,7/6,5,4/15,14
11,12,13,14/6,7,8,9,10/2,3,4
5,4,3,2/13,12,11,10,9/8,7,6
7,8,9,14;13,14-14/6,5,4,3,2/13,12
13,12,11,10,9,8/7,6,5,4,3
  6,5,4/11,10,9,8,7/15,14,13,12
6,5,4,3,2/8,9,10,11/14,13,12/15-DN
5,6,7,8,9/10,11,12/13,14,15,16
5,6,7,8,9/10,11,12/13,14,15,16
8,7,6,5,4,3,2/10,9/14,13,12,11
5,4,3,2/9,7,8,6/14,13,12,11,10
2,3,4,5/12,13,14,15/7,8,9
2,3,4,5,6/12,13,14,15/7,8,9
2,3,4,5/12,13,14,15/7,8,9
6,4,3/11,10,9,8/13,12/6,4,5-A
6,4,3,2/9,8,7/15,16/11,10/12,13-L/6,4,5-A
6,5,4,3,2/12,11,10,9,8
  3,4,5,6,7/8,9,10,11/12,13,14,15
  16,15,14/5,4,3/13,12,11,10
11,10,9,8,7,6/5,4,3,2/14,13,12
7,6,5,4,3,2/11,10,9,8-L/14,13,12
  9,10,11,12-L/13,14,15,16-LN/6,7,8/2,3,4,5
3,4,5/10,11,12,13,14,15/6,7,8,9
2,3,4/6,7,8,9,10/12,13,14,15
3,4,5,6,7/9,10,11,12/8
3,4,5,6/7,8,9/10,11,12,13
3,4,5,6/7,8,9/10,11,12,13
6,7,8,9,13,14/2,3,4,5/10,11,12
2,3,4,5/10,11/6,7,8,9/12,13,14
2,3,4,5,6,7,8
6,5,4,3,2/11,10,9,8,7
  10,11,12,13/2,3,4,5/6,7,8
2,3,4,6,7/8,9,10,11
  7,6,4,3,4/11,10,9,8-DN/15,14,13
7,8,9,10,11/13,14,15,16/4,5,6
14,13,12,11,10,9,8,7/5,4,3,2/15-DN
11,10,9,8,7,6/5,4,3,2/15-DN
11,10,9,8,7,6/5,4,3,2/15-DN
12,13,14,15,16/3,4,5-L-E/7
7,6,5,4,3/13,12,11,10,9/14,15,16
6,5,4,3,2/7,8,9
6,5,4,3,2/7,8,9,10/12,13-DN
  3,4,5,6/7,8,9
  3,4,5,6/7,8,9
13,14,15/6,7,8,9/10,11,12-DN
13,14,15/6,7,8,9/10,11,12/2-DN
10,9,8,7/6,5/4,3/16,15,14/13,12,11
6,5,4,3,2/13,12,11,10
  6,4,3,2/14,13,12/15
  4,3,2/8,7,6,5/13,12,11,10
  5,4,3,2/11,10,9-L/8,7,6/15,14,13
7,6,5,4,3,2/8,9,10,11,12
  10,11,12,13,14,16/2,3,4,6,7
3,5,6,7/8,9/10,11,12,13
  6,5,4,3/12,13,14,15/8,9
  5,6,7,8,16/10,11,12/2,3,4/14
7,6,5,4,3/13,12,11,10,9
12,11,10,9,8/7,6,5,4/16,15,14,13
  2,3,4,5,6/8,9,10
5,4,3,2/7,8,9,10
5,6,7,8/2,3,4-DN/12,13,14,15
2,3,4,5,6/7,8,9,10/11,12,13,14
8,7,6,5,4/12,11,10/15,14,13
9,8,7,6,5,4/13,12,11,10/15,14-DN
3,4,5,6,7/16,15,14,13,12,11,10
6,7,8,9,10/11,12,13,14,15
8,7,6,5,4/13,12,11,10,9-DN
  6,5,4,3/9,8,7/13,12,11,10/16,15,14
8,7,6,5,4/9,10,11-DN
13,12,11,10,9/8,7,6,5,4,3
7,6,5,4,3,2/14,13,12,11
  7,6,4,3;15,14,13,12,3-3
  4,5,6,7,8/9,10,11,12
3,4,5,6,7/8,9,10,11/12,13,14
  6,5,4,3,2/11,10,9
  5,4,3,2;12,13,2-2/9,10,11/8,7,6
  2,3,4,5/6,7,8,9/10,11,12
  3,4,5,6/7,8,9,10/11,12,13
  3,4,5,6/13,14,15/10,11,12
3,4,5,6/13,14,15/8,9/10,11
6,5,4,3,2;10,9,2-2/13,12,11
3,4,5,6,7/8,9,10,11/12,13,14/15,16-DN
  2,3,4,5/8,9-L
6,5,4,3,2/14,13,12,11/10,9,8/6,14,15-A
8,7,6,5,4,3,2/11,10,9-DN/14,13-DN
7,6,5,4,3/15,14,13-DN/12,11,10,9,8
  5,4,3,2/12,10,9,8,7/13,14,15-DN
5,4,3,2/8,9,10,11,12,13-L-E/15,16
9,8,7,6;11,10,6-6/6,5,4,3,2
13,14,15,16/3,4,5,6/7,8,9,10
2,3,4,5,6/12,13,14,15/7,8,9-DN
6,5,4,3,2
4,5,6,7/10,11,12,13,14/8,9/2,3
  2,3,4,5,6,7/13,14,15,16/8,9,10-DN
6,5,4,3,2/12,11,10,9,8
6,5,4,3,2/16,15,14,13,12/11,10,9,8-L
6,5,4,3/10,9,8,7/16,15,14-L
14,15,16/12,11,10,9/5,6,7,8
8,9,10/3,4,5/12,13,14
6,7,8,9,10/12,13,14,15,16
10,11,12,13,14/2,3,4,5,6,7,8/15,16
15,14,13,12,11,10
5,4,3,2/14,13,12,11-L/8,7,6
4,3,2-D/13,12,11,10,9/8,7,6/16,15-DN
5,4,3,2/13,12,11-L/10,9,8,7,6
11,12,13,14,15/2,3,4,5,6,7/9,10-DN
15,14,13,12,11/7,6,5,4,3,2/10,9,8-DN
10,11,12,13,14,15/2,3,4,5,6/8,9-DN
7,6,5,4,3,2/12,11,10,9,8/15,14
7,6,5,4,3,2/15,14,13
6,5,4,3,2;9,8,7,2-2/15,14,13
2,3,4,5-L-E/12,13,14,15/8,9/6,7
2,3,4,5,6/10,11,12,13,14/7,8-LN
10,11,12,13,14,15/7,9/3,4,5,6/2/7,13,8-A
  2,3,4,5,6,7/9,10,11,15/12,13
6,5,4,3,2/10,9/15,14-DN/11,7,8
3,4,5,6/12,13,14,15/7,8,9
2,3,4/6,7,8/15-B/14-D
5,6,7,8,9;2,3,9-9/12,13,14/10,11
9,10,11,12;2,3,12-12/4,5,6,7,8
6,7,8;2,3,4/9,10,11/12,13,14,15,16
2,3,4,5/6,7,8/9,10,11/12,13
  2,3,5/6,7,8,9/12,13/10,11
2,3,4/5,6,7/11,12/9,10/7,9,8-A
5,6,7,8/2,3,4/12,9,10,11/13,14-L
7,8/2,3,4,5,6/9,10,11,12
7,8/2,3,4,5,6/9,10,11,14
  7,6,5,4,3/13,12,11/9,5,8-A
8,7,4,14,13/11,10,9/6,4,5-A
/11,10,9/16,15
  9,10,11,12/14,16/13
4,5,6/8,9/12/13,14,15-D
8,9,10,11/13,14,15/5,6,7/3,4
8,9,10/13,14,15/5,6,7/3,4
4,3,2/13,12,11-D/11,10,9
4,3,2/13,12,11-D/11,10,9
4,3,2/13,12,11-D/11,10,9
6,5,4,3/11,10,9/14,13,12
8,7,6/10,9/5/16,15,14/13,12,11
12,13,14,15/5,6,7,8/10,11
8,9,10,11/2,3,4,5/6,7-DN
6,7,8,9/14,13,2,3,4,5
  6,7,8/2,3,4,5/11,10-DN/14,13



8,7,6,5/4,3/10,9
8,7,6/5,4,3/9,10
5,4,3,2/8,9,10/11,12
2,4,5;6,7,5-5/12,13,14/15,16
2,4,5;6,7,5-5/12,13,14/15,16













  10,11,12,13/6,7,8/3,4,5
3,4,5,6/8,9,10/14,15,16
  3,4,5,6/8,9,10/14,15,16
  3,4,5,6,7/8/4,8,9-A
3,4,5,6,7/12,13/8,10/8,10,9-A
12,11,10,9/8,7,6,5/16,15-DN


12,13,14/2,3/4,5,6/7,8/9,10
8,9,10,11/4,5,6,7/2/12,13,14,15/2,4,3-A
2,3,4,5/6,7,8/14,15
2,3,4,5/6,7,8/9,10/11,12
2,3,4,5/6,7,8/11,12,10;9,10-10

  2,3,4,5/13,14/8,9/6,7
  2,3,4,5/12,13,14/8,9,10/6,7
5,4,3,2/12,11,10,9/8,7,6
  5,4,3/13,12,11/8,7,6/10,9/2
4,5,6/8,9,10/11,12-DN
3,4,5-DN/6,7,8/12,13
  6,7,8,9/3,4,5/12,13,14/10,11
  6,7,8,9/3,4,5/12,13,14/10,11
8,7,6/4,3,2/14,13,12/11,10,9
11,10,9,8/14,13,12/4,3,2
11,10,9,8/14,13,12/4,3,2

11,12,13,14/3,4,5,6/7,8,9,10
9,10,11,12,13/4,5,6,7/14,15,16/9,4,3-A





6,7,8,9,10,11/12,13,14

11,12,13,14/2,3,4/5,6,7







7,6,5,4,3/16,15,14,13,12
9,10,11/3,4,5,6,7/15/12,13,14
3,4,5,6/7,8,9/15,16/12,13,14/10,11













































































































